3.0 24225
2.0 24033
4.0 23731
5.0 23617
6.0 23603
7.0 22892
8.0 22039
9.0 20616
10.0 20440
11.0 19602
12.0 18155
13.0 17582
1.0 17328
14.0 16218
15.0 15621
16.0 14945
17.0 13680
18.0 13434
19.0 12430
20.0 11549
21.0 10926
22.0 10089
23.0 9088
24.0 8687
25.0 8232
26.0 7578
27.0 6629
28.0 6554
29.0 6075
30.0 5634
31.0 4859
32.0 4586
33.0 4159
34.0 3784
0.0 3704
35.0 3634
36.0 3075
37.0 2899
38.0 2773
39.0 2373
41.0 2144
40.0 2105
42.0 2025
44.0 1693
43.0 1626
45.0 1453
46.0 1333
47.0 1226
4.5 1191
10.5 1097
5.5 1087
6.5 1068
48.0 1061
8.5 1048
3.5 1045
2.5 1018
49.0 1012
13.5 970
9.5 964
7.5 949
11.5 945
50.0 935
16.5 919
12.5 842
15.5 836
14.5 832
52.0 831
1.5 828
51.0 822
0.5 698
18.5 690
17.5 668
53.0 667
19.5 647
54.0 635
20.5 548
55.0 541
56.0 541
58.0 516
23.5 507
22.5 501
21.5 497
57.0 485
24.5 419
60.0 412
26.5 393
59.0 365
27.5 341
25.5 340
63.0 323
28.5 312
64.0 307
62.0 306
30.5 291
61.0 278
29.5 251
31.5 240
32.5 240
33.5 225
65.0 220
35.5 219
68.0 205
69.0 193
67.0 187
34.5 176
66.0 163
36.5 162
41.5 162
81.0 162
72.0 157
71.0 148
75.0 139
39.5 130
76.0 130
70.0 126
73.0 123
88.0 120
37.5 113
38.5 105
74.0 105
47.5 104
77.0 100
78.0 94
82.0 93
40.5 90
42.5 88
83.0 87
49.5 86
87.0 86
89.0 83
104.0 82
43.5 82
48.5 79
44.5 77
80.0 77
84.0 75
85.0 75
45.5 72
97.0 70
46.5 69
79.0 67
91.0 67
54.5 65
90.0 64
101.0 62
86.0 60
57.5 59
93.0 59
50.5 58
61.5 57
106.0 51
96.0 50
99.0 46
109.0 44
66.5 43
92.0 43
107.0 37
51.5 36
94.0 36
95.0 36
56.5 33
58.5 33
118.0 30
126.0 29
71.5 29
120.0 28
138.0 27
113.0 26
98.0 26
100.0 25
108.0 25
102.0 24
103.0 24
62.5 24
145.0 23
121.0 22
127.0 22
148.0 22
53.5 22
55.5 22
67.5 22
76.5 21
110.0 20
116.0 20
114.0 19
123.0 19
59.5 19
111.0 18
119.0 18
75.5 18
141.0 17
52.5 16
64.5 16
86.5 16
115.0 15
60.5 15
105.0 14
112.0 14
128.0 14
166.0 14
125.0 13
136.0 13
152.0 13
96.5 13
131.0 12
78.5 12
104.5 11
129.0 11
139.0 11
162.0 11
191.0 11
122.0 10
127.5 10
132.0 10
151.0 10
171.0 10
185.0 10
74.5 10
91.5 10
124.0 9
178.0 9
279.0 9
103.5 8
117.0 8
130.0 8
130.5 8
133.0 8
134.0 8
170.0 8
172.0 8
192.0 8
223.0 8
70.5 8
72.5 8
79.5 8
94.5 8
101.5 7
135.0 7
154.0 7
167.0 7
187.0 7
244.0 7
143.0 6
186.0 6
310.0 6
63.5 6
65.5 6
73.5 6
84.5 6
95.5 6
146.0 5
149.0 5
161.0 5
174.0 5
184.0 5
212.0 5
253.0 5
267.0 5
283.0 5
299.0 5
89.5 5
106.5 4
113.5 4
119.5 4
124.5 4
134.5 4
144.0 4
144.5 4
147.0 4
150.0 4
157.0 4
158.0 4
160.0 4
196.0 4
205.0 4
257.5 4
69.5 4
81.5 4
116.5 3
125.5 3
126.5 3
140.0 3
142.0 3
154.5 3
163.0 3
164.0 3
165.0 3
181.0 3
182.0 3
227.0 3
237.0 3
240.0 3
290.0 3
307.0 3
68.5 3
77.5 3
98.5 3
99.5 3
107.5 2
120.5 2
133.5 2
137.0 2
141.5 2
156.0 2
159.0 2
168.0 2
169.0 2
177.0 2
189.0 2
195.0 2
214.0 2
216.0 2
248.0 2
263.0 2
271.0 2
303.0 2
88.5 2
92.5 2
102.5 1
112.5 1
129.5 1
131.5 1
173.0 1
176.0 1
190.0 1
193.0 1
198.0 1
200.0 1
207.0 1
229.0 1
252.0 1
255.0 1
260.0 1
275.0 1
281.0 1
296.5 1
301.0 1
312.0 1
82.5 1
madeupword0000 0
